4294967279,114
4294967279,113
4294967279,112
4294967279,111
4294967279,110
4294967279,109
4294967279,108
4294967279,107
4294967279,106
4294967279,105
4294967279,104
4294967279,103
4294967279,252
4294967279,251
4294967278,22
4294967278,21
4294967278,20
4294967278,19
4294967278,18
4294967278,17
4294967278,16
4294967278,15
4294967278,14
4294967278,13
4294967278,12
4294967278,11
4294967278,10
4294967278,9
4294967278,8
4294967278,7
4294967278,6
4294967278,5
4294967278,4
4294967279,132
4294967279,131
4294967279,130
4294967279,129
4294967279,128
4294967279,127
4294967279,126
4294967279,125
4294967279,124
4294967279,123
4294967279,122
4294967279,120
4294967279,119
4294967279,118
4294967279,117
4294967279,241
4294967279,116
4294967279,115
4294967279,121
4294967278,248
4294967278,246
4294967279,246
4294967278,244
48,5
4294967279,244
48,4
4294967278,242
48,3
48,2
48,1
4294967278,240
4294967278,237
4294967279,432
4294967278,234
47,4
4294967278,232
47,3
47,2
47,1
4294967278,230
4294967278,227
4294967278,226
4294967278,220
46,5
4294967278,218
46,4
46,3
46,2
46,1
4294967278,216
4294967279,431
4294967278,365
4294967278,211
4294967278,210
4294967278,209
45,4
45,3
45,2
45,1
4294967278,208
4294967279,430
4294967278,206
4294967278,205
4294967278,204
44,4
44,3
44,2
44,1
4294967278,203
4294967278,364
4294967279,429
4294967278,199
4294967278,198
4294967278,197
43,7
43,6
4294967278,196
43,5
43,4
4294967278,195
43,3
43,2
43,1
4294967294,409
4294967294,397
4294967294,419
4294967294,407
4294967294,179
4294967294,917
4294967294,403
4294967294,420
4294967294,384
4294967294,425
4294967294,411
4294967294,168
4294967294,467
4294967294,454
4294967294,160
4294967278,194
4294967278,192
4294967278,190
42,6
4294967278,189
42,5
42,4
4294967278,188
42,3
42,2
42,1
4294967278,363
4294967278,187
4294967278,185
4294967278,182
41,5
4294967278,181
41,4
41,3
41,2
41,1
4294967278,180
4294967278,362
4294967278,176
4294967278,37
4294967278,36
4294967278,35
4294967278,34
4294967278,33
4294967278,32
4294967278,31
4294967278,30
4294967278,29
4294967278,28
4294967278,27
4294967278,26
4294967278,137
4294967278,25
4294967278,24
4294967278,23
4294967279,25
4294967279,24
4294967279,23
4294967279,22
4294967279,21
4294967279,19
4294967279,16
4294967279,15
4294967279,12
4294967279,286
4294967278,175
4294967278,173
40,5
4294967279,175
40,4
4294967278,172
40,3
40,2
40,1
4294967278,171
4294967294,387
4294967278,169
4294967279,428
4294967278,166
39,4
4294967278,165
39,3
39,2
39,1
4294967278,361
4294967294,185
4294967294,906
4294967294,170
4294967294,913
4294967294,190
4294967294,162
4294967278,164
4294967279,427
4294967278,162
4294967278,360
4294967278,160
38,5
4294967278,159
38,4
38,3
38,2
38,1
4294967278,158
4294967278,359
4294967279,426
4294967278,358
4294967278,154
37,7
4294967278,153
37,6
37,5
4294967278,152
37,4
37,3
37,2
37,1
4294967278,151
36,6
36,5
36,4
36,3
36,2
36,1
4294967294,912
4294967279,425
4294967294,927
4294967294,955
4294967294,926
4294967278,357
4294967294,392
4294967294,441
4294967294,389
4294967294,120
4294967294,114
4294967294,2
4294967279,424
4294967294,37
4294967278,356
4294967278,355
4294967279,423
35,4
35,3
35,2
35,1
4294967294,36
4294967294,41
4294967294,39
4294967294,42
4294967294,426
4294967294,393
4294967294,45
4294967279,277
4294967279,278
4294967278,354
4294967294,51
4294967279,133
4294967294,89
34,5
34,4
34,3
34,2
34,1
4294967279,271
4294967294,52
4294967294,53
33,5
33,4
4294967279,287
33,3
33,2
33,1
4294967279,422
4294967278,353
4294967294,91
4294967294,88
4294967294,87
4294967294,85
4294967294,84
4294967294,40
4294967294,38
4294967279,421
4294967279,265
4294967279,263
32,4
4294967279,262
32,3
32,2
32,1
4294967279,261
4294967294,186
4294967279,284
4294967294,925
4294967279,258
4294967294,388
4294967294,46
31,4
4294967279,420
31,3
31,2
31,1
4294967294,1
4294967294,0
4294967294,908
0,7
4294967279,419
4294967294,5
4294967294,107
4294967294,81
4294967294,50
4294967294,92
4294967294,90
4294967294,86
4294967294,959
4294967294,956
4294967294,29
4294967294,414
4294967294,28
4294967294,27
4294967294,44
4294967294,96
4294967294,94
4294967294,9
4294967294,8
4294967279,418
4294967279,0
4294967278,255
4294967294,93
4294967294,95
4294967294,17
4294967294,67
4294967294,99
4294967294,76
4294967294,43
4294967294,418
4294967294,471
4294967294,25
4294967294,957
4294967294,26
4294967294,970
4294967294,82
4294967294,83
0,5
4294967294,7
4294967294,6
4294967294,22
4294967278,132
4294967278,131
4294967278,130
4294967278,256
4294967278,129
4294967278,128
4294967278,127
4294967278,126
4294967278,125
4294967278,124
4294967278,123
4294967278,122
4294967278,251
4294967278,121
4294967278,249
4294967278,120
4294967278,247
4294967278,119
4294967278,245
4294967278,118
4294967278,243
4294967278,117
4294967278,241
4294967278,116
4294967278,239
